{"data":[{"coloraxis":"coloraxis","name":"0","texttemplate":"%{z:.2f}","x":["id","host_id","lat","long","construction_year","price","service_fee","minimum_nights","number_of_reviews","reviews_per_month","review_rate_number","calculated_host_listings_count","availability_365"],"y":["id","host_id","lat","long","construction_year","price","service_fee","minimum_nights","number_of_reviews","reviews_per_month","review_rate_number","calculated_host_listings_count","availability_365"],"z":[[1.0,-0.0004881829380971762,-0.008701924168790058,0.039404379873161775,-0.0007042577038736211,0.006359359703241387,0.006358727767128378,0.007931206142754036,-0.04989271502051417,0.037071505080055134,0.03652545067259078,0.030150278845540848,-0.13173865646974595],[-0.0004881829380971762,1.0,-0.0003216662282428825,-0.009118939924920369,0.004944678909232573,0.0033562646312155645,0.003343487861854249,-0.003324926645620395,-0.003615647863014057,-0.0018949425959108562,0.003981555429874255,-0.0019259528518916003,-0.002101580572294618],[-0.008701924168790058,-0.0003216662282428825,1.0,0.07500215118457317,0.0060328503796696475,-0.005849358461584634,-0.005811946860101539,0.017949957338525627,-0.021708066438823618,-0.020162105276760423,-0.004859640887643156,0.02654931631486521,-0.013548223223053033],[0.039404379873161775,-0.009118939924920369,0.07500215118457317,1.0,-0.0003621592458546938,0.0023871047926724803,0.0023774821463236288,-0.03385301533269446,0.06560638243998632,0.1188692523985572,0.015716243899729632,-0.09171662578015943,0.07439559405689807],[-0.0007042577038736211,0.004944678909232573,0.0060328503796696475,-0.0003621592458546938,1.0,-0.00384951589230991,-0.0038395607206209935,0.0023404605434032277,0.0022734808377580227,0.004538442325028181,0.005667836188525435,-0.0032791277635223865,-0.007403605796484152],[0.006359359703241387,0.0033562646312155645,-0.005849358461584634,0.0023871047926724803,-0.00384951589230991,1.0,0.9999909060652757,-0.0048031862220374155,0.005101094625813877,0.004422450411847254,-0.007182734940184522,0.00014370962959725414,-0.0009270217333254199],[0.006358727767128378,0.003343487861854249,-0.005811946860101539,0.0023774821463236288,-0.0038395607206209935,0.9999909060652757,1.0,-0.004779127379442359,0.0050696228252342995,0.004399672018035074,-0.007191658176237144,0.00014831002271675558,-0.0009141955203512019],[0.007931206142754036,-0.003324926645620395,0.017949957338525627,-0.03385301533269446,0.0023404605434032277,-0.0048031862220374155,-0.004779127379442359,1.0,-0.04692371294065359,-0.09552513669671431,0.0006921258282828042,0.06813313279075789,0.04468567627635138],[-0.04989271502051417,-0.003615647863014057,-0.021708066438823618,0.06560638243998632,0.0022734808377580227,0.005101094625813877,0.0050696228252342995,-0.04692371294065359,1.0,0.5951497521950938,-0.019616979669664407,-0.07976604732312924,0.10812945418576698],[0.037071505080055134,-0.0018949425959108562,-0.020162105276760423,0.1188692523985572,0.004538442325028181,0.004422450411847254,0.004399672018035074,-0.09552513669671431,0.5951497521950938,1.0,0.03749446167438802,-0.024995538102038237,0.07815720963395158],[0.03652545067259078,0.003981555429874255,-0.004859640887643156,0.015716243899729632,0.005667836188525435,-0.007182734940184522,-0.007191658176237144,0.0006921258282828042,-0.019616979669664407,0.03749446167438802,1.0,0.023671941738208104,-0.011744792935478707],[0.030150278845540848,-0.0019259528518916003,0.02654931631486521,-0.09171662578015943,-0.0032791277635223865,0.00014370962959725414,0.00014831002271675558,0.06813313279075789,-0.07976604732312924,-0.024995538102038237,0.023671941738208104,1.0,0.13555772183004727],[-0.13173865646974595,-0.002101580572294618,-0.013548223223053033,0.07439559405689807,-0.007403605796484152,-0.0009270217333254199,-0.0009141955203512019,0.04468567627635138,0.10812945418576698,0.07815720963395158,-0.011744792935478707,0.13555772183004727,1.0]],"type":"heatmap","xaxis":"x","yaxis":"y","hovertemplate":"x: %{x}\u003cbr\u003ey: %{y}\u003cbr\u003ecolor: %{z}\u003cextra\u003e\u003c\u002fextra\u003e"}],"layout":{"template":{"data":{"histogram2dcontour":[{"type":"histogram2dcontour","colorbar":{"outlinewidth":0,"ticks":""},"colorscale":[[0.0,"#0d0887"],[0.1111111111111111,"#46039f"],[0.2222222222222222,"#7201a8"],[0.3333333333333333,"#9c179e"],[0.4444444444444444,"#bd3786"],[0.5555555555555556,"#d8576b"],[0.6666666666666666,"#ed7953"],[0.7777777777777778,"#fb9f3a"],[0.8888888888888888,"#fdca26"],[1.0,"#f0f921"]]}],"choropleth":[{"type":"choropleth","colorbar":{"outlinewidth":0,"ticks":""}}],"histogram2d":[{"type":"histogram2d","colorbar":{"outlinewidth":0,"ticks":""},"colorscale":[[0.0,"#0d0887"],[0.1111111111111111,"#46039f"],[0.2222222222222222,"#7201a8"],[0.3333333333333333,"#9c179e"],[0.4444444444444444,"#bd3786"],[0.5555555555555556,"#d8576b"],[0.6666666666666666,"#ed7953"],[0.7777777777777778,"#fb9f3a"],[0.8888888888888888,"#fdca26"],[1.0,"#f0f921"]]}],"heatmap":[{"type":"heatmap","colorbar":{"outlinewidth":0,"ticks":""},"colorscale":[[0.0,"#0d0887"],[0.1111111111111111,"#46039f"],[0.2222222222222222,"#7201a8"],[0.3333333333333333,"#9c179e"],[0.4444444444444444,"#bd3786"],[0.5555555555555556,"#d8576b"],[0.6666666666666666,"#ed7953"],[0.7777777777777778,"#fb9f3a"],[0.8888888888888888,"#fdca26"],[1.0,"#f0f921"]]}],"heatmapgl":[{"type":"heatmapgl","colorbar":{"outlinewidth":0,"ticks":""},"colorscale":[[0.0,"#0d0887"],[0.1111111111111111,"#46039f"],[0.2222222222222222,"#7201a8"],[0.3333333333333333,"#9c179e"],[0.4444444444444444,"#bd3786"],[0.5555555555555556,"#d8576b"],[0.6666666666666666,"#ed7953"],[0.7777777777777778,"#fb9f3a"],[0.8888888888888888,"#fdca26"],[1.0,"#f0f921"]]}],"contourcarpet":[{"type":"contourcarpet","colorbar":{"outlinewidth":0,"ticks":""}}],"contour":[{"type":"contour","colorbar":{"outlinewidth":0,"ticks":""},"colorscale":[[0.0,"#0d0887"],[0.1111111111111111,"#46039f"],[0.2222222222222222,"#7201a8"],[0.3333333333333333,"#9c179e"],[0.4444444444444444,"#bd3786"],[0.5555555555555556,"#d8576b"],[0.6666666666666666,"#ed7953"],[0.7777777777777778,"#fb9f3a"],[0.8888888888888888,"#fdca26"],[1.0,"#f0f921"]]}],"surface":[{"type":"surface","colorbar":{"outlinewidth":0,"ticks":""},"colorscale":[[0.0,"#0d0887"],[0.1111111111111111,"#46039f"],[0.2222222222222222,"#7201a8"],[0.3333333333333333,"#9c179e"],[0.4444444444444444,"#bd3786"],[0.5555555555555556,"#d8576b"],[0.6666666666666666,"#ed7953"],[0.7777777777777778,"#fb9f3a"],[0.8888888888888888,"#fdca26"],[1.0,"#f0f921"]]}],"mesh3d":[{"type":"mesh3d","colorbar":{"outlinewidth":0,"ticks":""}}],"scatter":[{"fillpattern":{"fillmode":"overlay","size":10,"solidity":0.2},"type":"scatter"}],"parcoords":[{"type":"parcoords","line":{"colorbar":{"outlinewidth":0,"ticks":""}}}],"scatterpolargl":[{"type":"scatterpolargl","marker":{"colorbar":{"outlinewidth":0,"ticks":""}}}],"bar":[{"error_x":{"color":"#2a3f5f"},"error_y":{"color":"#2a3f5f"},"marker":{"line":{"color":"#E5ECF6","width":0.5},"pattern":{"fillmode":"overlay","size":10,"solidity":0.2}},"type":"bar"}],"scattergeo":[{"type":"scattergeo","marker":{"colorbar":{"outlinewidth":0,"ticks":""}}}],"scatterpolar":[{"type":"scatterpolar","marker":{"colorbar":{"outlinewidth":0,"ticks":""}}}],"histogram":[{"marker":{"pattern":{"fillmode":"overlay","size":10,"solidity":0.2}},"type":"histogram"}],"scattergl":[{"type":"scattergl","marker":{"colorbar":{"outlinewidth":0,"ticks":""}}}],"scatter3d":[{"type":"scatter3d","line":{"colorbar":{"outlinewidth":0,"ticks":""}},"marker":{"colorbar":{"outlinewidth":0,"ticks":""}}}],"scattermapbox":[{"type":"scattermapbox","marker":{"colorbar":{"outlinewidth":0,"ticks":""}}}],"scatterternary":[{"type":"scatterternary","marker":{"colorbar":{"outlinewidth":0,"ticks":""}}}],"scattercarpet":[{"type":"scattercarpet","marker":{"colorbar":{"outlinewidth":0,"ticks":""}}}],"carpet":[{"aaxis":{"endlinecolor":"#2a3f5f","gridcolor":"white","linecolor":"white","minorgridcolor":"white","startlinecolor":"#2a3f5f"},"baxis":{"endlinecolor":"#2a3f5f","gridcolor":"white","linecolor":"white","minorgridcolor":"white","startlinecolor":"#2a3f5f"},"type":"carpet"}],"table":[{"cells":{"fill":{"color":"#EBF0F8"},"line":{"color":"white"}},"header":{"fill":{"color":"#C8D4E3"},"line":{"color":"white"}},"type":"table"}],"barpolar":[{"marker":{"line":{"color":"#E5ECF6","width":0.5},"pattern":{"fillmode":"overlay","size":10,"solidity":0.2}},"type":"barpolar"}],"pie":[{"automargin":true,"type":"pie"}]},"layout":{"autotypenumbers":"strict","colorway":["#636efa","#EF553B","#00cc96","#ab63fa","#FFA15A","#19d3f3","#FF6692","#B6E880","#FF97FF","#FECB52"],"font":{"color":"#2a3f5f"},"hovermode":"closest","hoverlabel":{"align":"left"},"paper_bgcolor":"white","plot_bgcolor":"#E5ECF6","polar":{"bgcolor":"#E5ECF6","angularaxis":{"gridcolor":"white","linecolor":"white","ticks":""},"radialaxis":{"gridcolor":"white","linecolor":"white","ticks":""}},"ternary":{"bgcolor":"#E5ECF6","aaxis":{"gridcolor":"white","linecolor":"white","ticks":""},"baxis":{"gridcolor":"white","linecolor":"white","ticks":""},"caxis":{"gridcolor":"white","linecolor":"white","ticks":""}},"coloraxis":{"colorbar":{"outlinewidth":0,"ticks":""}},"colorscale":{"sequential":[[0.0,"#0d0887"],[0.1111111111111111,"#46039f"],[0.2222222222222222,"#7201a8"],[0.3333333333333333,"#9c179e"],[0.4444444444444444,"#bd3786"],[0.5555555555555556,"#d8576b"],[0.6666666666666666,"#ed7953"],[0.7777777777777778,"#fb9f3a"],[0.8888888888888888,"#fdca26"],[1.0,"#f0f921"]],"sequentialminus":[[0.0,"#0d0887"],[0.1111111111111111,"#46039f"],[0.2222222222222222,"#7201a8"],[0.3333333333333333,"#9c179e"],[0.4444444444444444,"#bd3786"],[0.5555555555555556,"#d8576b"],[0.6666666666666666,"#ed7953"],[0.7777777777777778,"#fb9f3a"],[0.8888888888888888,"#fdca26"],[1.0,"#f0f921"]],"diverging":[[0,"#8e0152"],[0.1,"#c51b7d"],[0.2,"#de77ae"],[0.3,"#f1b6da"],[0.4,"#fde0ef"],[0.5,"#f7f7f7"],[0.6,"#e6f5d0"],[0.7,"#b8e186"],[0.8,"#7fbc41"],[0.9,"#4d9221"],[1,"#276419"]]},"xaxis":{"gridcolor":"white","linecolor":"white","ticks":"","title":{"standoff":15},"zerolinecolor":"white","automargin":true,"zerolinewidth":2},"yaxis":{"gridcolor":"white","linecolor":"white","ticks":"","title":{"standoff":15},"zerolinecolor":"white","automargin":true,"zerolinewidth":2},"scene":{"xaxis":{"backgroundcolor":"#E5ECF6","gridcolor":"white","linecolor":"white","showbackground":true,"ticks":"","zerolinecolor":"white","gridwidth":2},"yaxis":{"backgroundcolor":"#E5ECF6","gridcolor":"white","linecolor":"white","showbackground":true,"ticks":"","zerolinecolor":"white","gridwidth":2},"zaxis":{"backgroundcolor":"#E5ECF6","gridcolor":"white","linecolor":"white","showbackground":true,"ticks":"","zerolinecolor":"white","gridwidth":2}},"shapedefaults":{"line":{"color":"#2a3f5f"}},"annotationdefaults":{"arrowcolor":"#2a3f5f","arrowhead":0,"arrowwidth":1},"geo":{"bgcolor":"white","landcolor":"#E5ECF6","subunitcolor":"white","showland":true,"showlakes":true,"lakecolor":"white"},"title":{"x":0.05},"mapbox":{"style":"light"}}},"xaxis":{"anchor":"y","domain":[0.0,1.0],"scaleanchor":"y","constrain":"domain"},"yaxis":{"anchor":"x","domain":[0.0,1.0],"autorange":"reversed","constrain":"domain"},"coloraxis":{"colorscale":[[0.0,"rgb(5,48,97)"],[0.1,"rgb(33,102,172)"],[0.2,"rgb(67,147,195)"],[0.3,"rgb(146,197,222)"],[0.4,"rgb(209,229,240)"],[0.5,"rgb(247,247,247)"],[0.6,"rgb(253,219,199)"],[0.7,"rgb(244,165,130)"],[0.8,"rgb(214,96,77)"],[0.9,"rgb(178,24,43)"],[1.0,"rgb(103,0,31)"]]},"title":{"text":"Correlation Heatmap of Numerical Features"}}}